mbeq_1197
mbeq
Multiband EQ
1.0

1
0
-30
30
127
-4.7
-4.8
-4.9
-5.1
-5.3
-5.6
-5.8
-6.1
-6.2
-6.4
-6.6
-6.8
-7.0
-7.1
-7.4
-7.6
-7.7
-7.7
-7.7
-7.7
-7.7
-7.5
-7.0
-5.9
-4.4
-3.7
-5.0
-6.2
-7.7
-9.0
-9.9
-10.1
-10.3
-10.3
-9.9
-9.2
-8.3
-7.4
-6.1
-5.8
-5.5
-4.6
-3.6
-3.1
-2.9
-3.1
-3.3
-3.6
-4.0
-4.1
-4.3
-4.5
-4.6
-4.7
-4.6
-4.6
-4.8
-4.7
-4.6
-4.5
-4.4
-4.3
-4.2
-4.0
-3.9
-4.0
-4.0
-4.2
-4.6
-5.2
-5.6
-5.6
-5.5
-5.3
-5.1
-4.9
-4.7
-4.4
-4.4
-4.4
-4.5
-4.7
-4.9
-5.2
-5.7
-6.4
-7.0
-7.6
-7.8
-7.5
-6.8
-5.7
-4.3
-2.9
-1.5
-0.2
-0.8
-2.3
-3.7
-4.9
-5.7
-6.4
-6.9
-8.5
-10.3
-11.6
-11.4
-10.4
-10.7
-11.1
-11.3
-11.3
-11.3
-11.4
-11.7
-12.1
-12.6
-13.1
-13.6
-14.1
-14.7
-15.3
-16.0
-16.7
-17.4
-18.1
-18.9
20
21
22
23
24
26
27
29
30
32
34
36
38
40
43
45
48
50
53
56
59
63
66
70
74
78
83
87
92
97
103
109
115
121
128
136
143
151
160
169
178
188
199
210
222
235
248
262
277
292
309
326
345
364
385
406
429
453
479
506
534
565
596
630
665
703
743
784
829
875
924
977
1032
1090
1151
1216
1284
1357
1433
1514
1599
1689
1784
1885
1991
2103
2221
2347
2479
2618
2766
2921
3086
3260
3443
3637
3842
4058
4287
4528
4783
5052
5337
5637
5955
6290
6644
7018
7414
7831
8272
8738
9230
9749
10298
10878
11490
12137
12821
13543
14305
15110
15961
16860
17809
18812
19871
